# Created by Octave 3.8.0, Tue Jun 27 07:38:46 2017 BST <benyang@Yitings-MacBook-Pro.local>
# name: output
# type: matrix
# rows: 5
# columns: 3
 1.779385295334704 5.415729646567113 6.872004247106296
 1.11535505856196 8.161972107539153 32.18952117427889
 3.181620323803564 2.328448197343819 4.606951882469868
 15.50178191509607 6.853434850674405 1.185210172408365
 1.256878803045598 4.16710543237863 25.16139858285954


