# Created by Octave 3.8.0, Sun Jun 25 09:10:47 2017 BST <benyang@Yitings-MacBook-Pro.local>
# name: tt
# type: matrix
# rows: 1
# columns: 3
 3.071110927736234 2.370425167450749 4.835324246753659


