# Created by Octave 3.8.0, Sat Jun 24 12:14:39 2017 BST <benyang@Yitings-MacBook-Pro.local>
# name: Theta1
# type: matrix
# rows: 3
# columns: 8
 6.560283916774501 -0.08153784523792136 0.762521435868963 -1.094699672058173 -0.7214631090766644 0.21802412780265 -0.02711747963681017 -2.235290989315533
 -2.283781759185386 -0.6431656095018224 0.6474466476798926 -0.9307673307668872 0.1898182391983955 0.1839619355430036 2.095259628473251 -1.001436932153924
 2.204889095002048 -0.5386429438552884 0.2404546290451288 0.05465895000378462 -0.31350604737273 0.09466657670148043 -2.276769403276254 2.028316480913146


# name: Theta2
# type: matrix
# rows: 3
# columns: 4
 0.09827907995212737 1.252451995039621 2.372555257623604 -3.083659970606487
 -3.054615794157083 2.092795714975005 -2.41577185545421 1.183615187258914
 -0.6945834891863426 -2.62373243641765 -0.8228020725567773 2.781723436000282


