# Created by Octave 3.8.0, Mon Jun 26 13:44:21 2017 BST <benyang@Yitings-MacBook-Pro.local>
# name: Theta1
# type: matrix
# rows: 3
# columns: 8
 -3.615079961178473 0.1961388713382722 -0.8247186892825845 -0.03087235606917979 0.1308405518587043 0.6382511147088999 1.519906992881958 -0.2182765666473549
 -1.78298235068305 -0.3369137907215082 0.366380857618994 -0.3040252381129323 0.5292525378897465 -0.06822782301702383 1.509718289674638 -1.167988120833095
 2.052189269373361 0.2464534544997064 -0.6792950276932874 -0.660260633449172 0.8780664970305367 -0.1341124821479741 1.656730613470194 -2.100747452046114


# name: Theta2
# type: matrix
# rows: 3
# columns: 4
 -3.147065027988974 1.995947545585076 2.36460486394215 1.637041245386528
 -2.13886553395543 -1.83337983227792 -0.8255785834505815 2.421191111830177
 2.617360422682887 -1.075530608846836 -2.333188100026244 -3.206871550919716


