# Created by Octave 3.8.0, Mon Aug 07 07:00:37 2017 BST <benyang@Yitings-MacBook-Pro.local>
# name: Theta1
# type: matrix
# rows: 5
# columns: 9
 3.62142709449892 -0.1965567420962024 -0.0555721070723937 -0.8368340567974608 -0.6192351558551955 -0.8940609258642745 0.681235314187028 3.485741128239755 -1.211002240582379
 5.282721985952392 -1.84395519835949 -0.1962764200458975 0.2488828717249593 0.6853447886538279 -1.157957674793197 1.055199585707262 6.086252211062138 -5.314613392401041
 -2.413824414309835 -0.5390270038082332 -0.186272765221259 0.2811446111940408 0.4203449647502787 0.7257197542455708 -0.2237646720829912 -1.326066343798288 0.5773159604517222
 -2.881783955753314 0.6915725144313121 -0.009678827026984213 -0.2041182949526514 0.7521495982646755 1.773879667814694 -0.7080340265449421 -1.96542307590666 2.917538034891368
 -7.495501490683925 0.6901247048330362 0.1813391439065562 -0.09350934532123986 -0.8538404304415772 2.099498113021929 -0.7818825272527427 1.32725026773191 -1.203094236708036


# name: Theta2
# type: matrix
# rows: 3
# columns: 6
 0.2080415698391886 0.8684119421983389 1.620717722283289 -0.4543070003047884 -3.008985459503065 4.943462032031811
 -2.451482753096121 -1.74192952538259 1.757500220257482 -2.841304018533317 2.517764409479157 -4.534631481125881
 -3.616715136948225 0.5575854845874409 -2.150344028283454 2.451016137826452 3.731480457273447 -4.000756876534429


