# Created by Octave 3.8.0, Sat Aug 05 17:41:47 2017 BST <benyang@Yitings-MacBook-Pro.local>
# name: Theta1
# type: matrix
# rows: 5
# columns: 9
 -3.556090746300719 6.390358133354328 -1.286719163464107 -3.444718391679463 -2.722970791733084 -5.192828671027386 1.773737772677991 7.100280644790026 -4.279566311358958
 4.257143309883748 0.7114426515648808 0.2767894116592274 -0.5901125982927307 -0.6240337674908372 -1.506729184545037 0.372291134056779 2.618020821912235 -1.170616842488323
 -6.093165189531813 1.237266876753204 -0.06622521547049114 -0.9358064251367714 0.06455499513776632 1.589266145312074 -1.186417020222549 -5.752006071251853 6.591997248284332
 0.9216249747708798 -4.99155977454958 -1.276977490056955 1.01691936292594 0.8971966312516177 1.162553551694326 1.079330398221621 6.74991676238989 -13.35475829156897
 -1.418738752583965 -6.859277213498387 1.090642559453372 1.106787318929235 -6.194250765852335 3.442057464125684 -0.950703890366885 7.366283255519219 -11.91122284804942


# name: Theta2
# type: matrix
# rows: 3
# columns: 6
 -2.502875744497694 5.341875577608313 2.273002750640365 -0.6489737739783039 1.299341897832212 2.018559592362222
 0.4618690397965634 -5.550815875079704 -0.5789384201662576 -2.320346253160686 -1.004281193077607 -1.677177547616737
 0.1549104708790109 -4.962584454714693 -2.233504082173557 1.752849619742035 -0.4963321301889577 -3.071949179660193


