# Created by Octave 3.8.0, Tue Jun 27 08:27:31 2017 BST <benyang@Yitings-MacBook-Pro.local>
# name: Theta1
# type: matrix
# rows: 3
# columns: 9
 -3.044582989727636 -0.502896309644708 -0.1191832974776648 0.2585573098979597 0.09955561614827071 0.3853177383102162 0.2032033537042817 1.206687955842602 -1.884512150730171
 2.306019629844278 0.01968969862164351 -0.04326736391256952 0.150591844351617 0.06949711124152136 -0.7120624724551743 0.5954705799380081 2.598385955431165 -2.33105840562848
 -3.001605659742106 -0.3531201171525205 -0.1548583555687187 0.435773585817653 0.6480532779158168 0.6206438067063674 -0.07402325554152969 -1.844829907719608 1.136470913533789


# name: Theta2
# type: matrix
# rows: 3
# columns: 4
 -1.109951859263251 2.795811365461436 1.277344137484856 -2.496538654746718
 -3.600255025673893 -2.534870660033143 3.345933219659234 1.095952634407407
 -0.02069361897382553 -1.798120031455997 -2.320787166769373 2.557792193885856


