# Created by Octave 3.8.0, Tue Jun 27 12:19:55 2017 BST <benyang@Yitings-MacBook-Pro.local>
# name: Theta1
# type: matrix
# rows: 3
# columns: 9
 0.5318509478259836 -0.8554302887607018 -0.3806854492680007 0.419911659707245 0.774931184127487 -0.5569592679365181 0.6800589526286795 1.197698721053613 -0.1402005408787652
 -0.1883219556261109 -0.7757535187145347 0.04071983174409408 0.05155104079591978 -0.5552623772046947 -0.3553233309104385 0.2228976683930977 1.875042554930469 -2.036956733009188
 2.78222765860842 -1.047109882894289 -0.5166568583458062 0.4003599270544207 0.7369262623952245 -1.567675762446805 1.162513049798345 3.809939718387071 -2.158755735023168


# name: Theta2
# type: matrix
# rows: 3
# columns: 4
 -0.4681415792301878 -4.94293786261758 4.576738252936636 4.50068300499901
 1.152874500763236 -4.491752406843408 -3.088968631327055 2.883351026131744
 -2.828268820941266 7.226226414140818 -5.478971123432377 -4.897822207738948


